M_mean,M_variance,M_skewness,M_kurtosis,P_mean,P_variance,P_skewness,P_kurtosis,Class
0.00884262256356174,0.000219654765333836,7.73208285858557,147.411256233119,0.662733710419051,0.00477922059970622,-0.0964061217132217,3.55686780312347,Human
0.0959277976809657,0.00169056115438563,1.6406271215701,11.0629646832345,0.644072113564287,0.00535106755713524,-0.0380502584880813,3.18661647275057,Human
0.0249662060263207,0.00101542814467645,4.84725492667421,47.4070965898443,0.664457676034793,0.00466410379307466,-0.112213021342286,3.74428092628901,Human
0.00837180863250878,0.000247820057323195,10.4549888686424,243.857606997858,0.67645772078992,0.0048044877759214,-0.0602573329364616,3.30914859067583,Human
0.0141304429633029,0.000343063932189762,5.44195381904834,73.1920555468873,0.673835806832593,0.00493583946262076,-0.0424026250752482,3.24862629381259,Human
0.0166757394805842,0.000705785146354957,5.04443600692102,47.2418791513891,0.664786763407768,0.00484223230501887,-0.0631193781686296,3.3375943066399,Human
0.0475068885866017,0.00204978979093303,2.59932677665824,15.4907130727405,0.641906967388118,0.00522836304619096,-0.121805328243227,3.71381649654689,Human
0.019737200743708,0.00081454586289789,5.54891939951294,59.1996250213548,0.599363134319211,0.00655016389192678,-0.0146759175047694,3.05968279347484,Human
0.0125734802469391,0.000611477225261264,7.2745347607345,99.2450499459172,0.678342972915641,0.00461531311139014,-0.160586417708886,4.16568138292716,Human
0.0108090903799199,0.000249538248112753,8.52919425568668,169.535274097612,0.649276323685237,0.00514548630545393,-0.0481742351863029,3.36947005467644,Human
0.00547749679602112,0.000130561288659205,8.84048940442223,174.698401481566,0.652046527769041,0.00563502240807051,-0.0357505511046709,3.07498551245534,Human
0.0181032748486221,0.000897375962987529,6.63488585829083,81.7887497407081,0.637914484824569,0.00430245141889121,-0.0543783109244593,3.42378399101347,Human
0.013750421413363,0.000688074113841529,7.62559753856382,113.776741155686,0.664147523361303,0.00503965374999985,-0.0565974967678607,3.25232874846736,Human
0.00802926184883599,0.000253332261935382,9.14177438800529,169.896263816134,0.67450660177789,0.00456909619344194,-0.0663172117741955,3.38006659626899,Human
0.0191310417484686,0.000997891411967436,5.12816763263102,49.6239218423757,0.600825977763374,0.00561009974088902,-0.0105433127073941,3.17622920221433,Human
0.0165698492328921,0.000787053980113253,6.23193341764339,73.9056777906701,0.57570593302268,0.00724312145452896,-0.0111561868383694,3.05858150960314,Human
0.0130455131703216,0.000336367364021748,6.413316311038,93.6587641471602,0.680574711043992,0.00413535231339814,-0.114948923425085,3.7723922486385,Human
0.0238687901371294,0.000916985819190742,4.43182586995335,42.0110193105405,0.67714700238035,0.00445719691868549,-0.0783440102362692,3.58279765252096,Human
0.0295157902473099,0.00103126629901848,3.61689711371554,27.0455476509984,0.635466618328257,0.00708156153713519,-0.0263165948087551,2.92899533900547,Human
0.013934151117314,0.000485824729262652,8.13510579482809,137.901583614878,0.647804658499813,0.00567815290304316,-0.0278399585447773,3.1174815959345,Human
0.00649109722097323,0.000194333747981619,9.90166825781176,223.834653962321,0.683589201510369,0.00446459379265813,-0.0887753089730809,3.48235960028723,Human
0.0103340603434309,0.000277919844117462,6.40573987870936,94.7133860396244,0.661243903001888,0.00481001090548791,-0.0542239286657782,3.21857698256926,Human
0.00936058367921937,0.000468935084844144,8.86167410067654,145.818179815576,0.630251990059907,0.0045220344852032,-0.0460519046866559,3.26015486224932,Human
0.00203877782357372,4.26945215955898e-05,22.0876662346769,1302.34462711172,0.60384870610729,0.00567956572212246,-0.0272648045632151,3.14586617990599,Human
0.00457603107413359,0.000115995558500633,11.8172075773329,312.797808480062,0.666727853516551,0.00488424382358616,-0.054904885877384,3.22411257935831,Human
0.00996274458440414,0.000384311920999911,7.64113240276794,122.856404377414,0.639956921718396,0.00524782303166255,-0.0507531654950919,3.35459649387118,Human
0.00770147964552587,0.000153229847356449,8.92570710732069,187.248621053908,0.644884841611138,0.0043824047794775,-0.0746560747059174,3.51200272331419,Human
0.00550636874037917,0.000206535336500549,9.23443006652132,166.393989666932,0.679171947747297,0.0042047670493843,-0.127995165851517,3.9138264660454,Human
0.0143592416180485,0.00050348934070811,5.7629900802132,66.7652629040113,0.62760800543213,0.00560319366966474,-0.0286081311985293,3.14054756189253,Human
0.00656963666124386,0.000127732083352202,9.4247610977532,253.567071508529,0.678091090505218,0.00428588305198186,-0.101242448391391,3.65607868401622,Human
0.0105978438109903,0.000295434676552858,7.35710786826592,123.532099969821,0.642757897344582,0.00453611047165243,-0.0533330386471052,3.37007658330574,Human
0.0134798978655872,0.000415598806573717,6.1782153654892,92.0314458823741,0.661810310732905,0.00514673560701288,-0.0535263803426771,3.31378835521921,Human
0.0131751038566641,0.000497419447596808,7.0019575564931,101.021280294116,0.665488250198056,0.00396841893040999,-0.0574646069031987,3.35490998414578,Human
0.00492932995837798,0.00012829395730684,11.2690699257182,301.675685918961,0.633947370693247,0.00566291502770736,-0.0350407685208321,3.0738450827558,Human
0.004199875822535,0.000108185009618147,12.8144155280191,403.860530137542,0.643751929769847,0.00534831637576779,-0.0310067713826995,3.08524594242832,Human
0.0410425692920523,0.00141171437989941,3.05035159797908,20.9341409112241,0.665955830836077,0.00502113909508719,-0.0789970264426366,3.34948786078966,Human
0.0161550348306167,0.000732268843596369,6.59736780545107,84.4027329769913,0.655726692463757,0.00522163885802834,-0.0502370394830095,3.23330979422204,Human
0.0129419832057485,0.000326775247071845,6.78260424830388,107.810620853791,0.639125006071049,0.00491371563139055,-0.1034886618287,3.66375390674237,Human
0.0143397772168384,0.000580405427285736,6.13657361085601,76.9036174019961,0.632240478829885,0.0043654952253288,-0.0403415774624254,3.26067175641175,Human
0.0230460036813475,0.000973555604649564,4.99100661998766,47.3171951140583,0.66473173699215,0.00456459405608684,-0.0535376094890903,3.27463928614089,Human
0.00684302013543556,0.000178749660594875,7.25820157943765,115.031264393561,0.649212466447278,0.00441569179639749,-0.0675353657421522,3.41643183866089,Human
0.00691265892189613,0.000119825329136762,8.3939227641016,180.929562412755,0.620305311734284,0.0054866625275959,-0.0245692274792395,3.07047938989605,Human
0.0159571506811947,0.000579440445549409,5.40607114709153,57.9183236628137,0.637528066224864,0.00586875597670778,-0.0322403400286255,3.18638368283947,Human
0.0227624252043837,0.000760872654872421,4.06039304835578,34.7248165078088,0.661745431868708,0.00431427317402804,-0.097693157772405,3.51996623499615,Human
0.00839870182199786,0.000282245612103528,11.4015445928079,256.591731670548,0.649105699438622,0.00604915271143666,-0.0395453603983096,3.13000488074391,Human
0.0153924809667337,0.00034633042981781,5.55921891405913,77.9296910630274,0.654277067950102,0.00453375682407765,-0.0651656822958967,3.38255797677071,Human
0.0132484405245749,0.000389182745865622,6.11854167579903,83.2081921571693,0.661618277628894,0.00511594966873986,-0.0543210587182184,3.31000046838384,Human
0.00825606828740622,0.00040064263958074,8.63281006545809,132.725623128008,0.63560589776796,0.00506787294310961,-0.0304122945944905,3.32341234159717,Human
0.0192090404993338,0.000682500519523742,5.60018362502131,61.471051957864,0.677020475743879,0.00454753254337233,-0.058315305826737,3.30811761462859,Human
0.0472832177805324,0.00229882906322738,3.10174236089983,20.3304104877238,0.675488317354051,0.00458357448957699,-0.107745501020895,3.67774644519289,Human
0.00340534951625969,0.000238766126007022,16.5135926628455,464.619001980267,0.657139580531993,0.00473552390781908,-0.0572515519002311,3.34708841022942,Human
0.0102986420548286,0.00036753831820494,9.17318499047177,175.342657963348,0.645164362846807,0.00524218285103618,-0.0405830720451962,3.19525018587645,Human
0.0081972270128185,0.000144953886054121,6.6482623726254,113.987240956155,0.621355978099228,0.00649122405988372,-0.0275373353900905,3.05844053669415,Human
0.0132722541451868,0.000603793603525363,6.66968696120398,85.7307056554299,0.656806103930418,0.00483110260858974,-0.0551167819751625,3.219609636723,Human
0.0235283688833498,0.00110171858641089,5.07018557406334,51.6559928005574,0.6764662265629,0.0048220199014032,-0.125473440332989,3.82089611192908,Human
0.00943986253600548,0.000842117307063735,8.12583145311695,104.190471594697,0.61144973930389,0.00576686507785754,-0.0123180341894958,2.95885511882868,Human
0.00873756477341074,0.000279126284191326,7.89685135190303,134.102433754904,0.621751572256794,0.00637272212806757,-0.0176795283368545,3.08984193006899,Human
0.000977920348673018,1.77248432406312e-05,29.656650429339,2438.26790480469,0.65270920360104,0.0046049895976156,-0.0562213628848146,3.38043274940042,Human
0.0294549179182344,0.00143426619036697,3.74348035853668,27.3711656417036,0.629570932260888,0.00590719514770937,-0.0113144945101136,2.96754707103359,Human
0.00921503522978081,0.000530302563109034,8.6225750197436,127.796416694116,0.656559195482412,0.00536965553827793,-0.0530343767538745,3.32865596345465,Human
0.00890180829101209,0.00025413056503012,9.12782941895577,191.828781461711,0.654482177395754,0.00484860494380318,-0.0514216774468318,3.28311868206796,Human
0.0260571372550313,0.000963589159760262,4.75965336997535,45.7487009260305,0.649195061990859,0.00475775430234519,-0.05628324072373,3.28396778591554,Human
0.00788986295707355,0.000235130061393934,7.63112140198558,118.584920100135,0.63342937566243,0.00443503377289062,-0.0650996656854534,3.33353588000837,Human
0.00289908783809287,6.9142183600513e-05,15.0297428038149,583.091315823901,0.666380445457597,0.00425958029155731,-0.120375946287422,3.79994002311149,Human
0.00703126135007023,0.000152779014357214,10.2891427896115,268.623455313801,0.668123532293474,0.00439050052751628,-0.0565816803840279,3.3129930619729,Human
0.0110914224199712,0.000586708654286566,8.06431888522115,116.235002111527,0.668624118798707,0.00512085098309944,-0.0525057159081439,3.2307586103709,Human
0.0338335482276589,0.00162441465279436,4.05959364554756,30.5888174449552,0.647090467329382,0.00651257676724548,-0.0720002850729388,3.21092907697567,Human
0.0139755150334746,0.00026723950673425,7.6390250529269,132.909572026079,0.663754147715665,0.00513931925116522,-0.0879560679817562,3.46547195855894,Human
0.00474554808379736,0.000304579764465138,10.2443771210521,163.027374724617,0.595233760612318,0.00554754550896892,-0.0195640471565839,3.17791227104158,Human
0.00666830458655921,0.000227724263987766,10.734445394706,246.434908380008,0.66494490602472,0.00515447801449682,-0.0563184646967381,3.2208479273714,Human
0.00976726316897546,0.000279394386782842,11.6948993272196,277.856111478813,0.639253385914172,0.00581325026936416,-0.0228553212425556,3.07206773524178,Human
0.0186103632922564,0.000699860326797499,5.86768409751518,70.719171386318,0.686767108858743,0.00467720584849609,-0.0871894119601691,3.46475566536983,Human
0.0133577838511019,0.000434638404423838,6.65841573086056,94.55062170863,0.592166717606492,0.00664982727949958,-0.0104102513030541,2.94370314143192,Human
0.0142102628695624,0.000941369258845631,6.77401469924537,79.1816364736164,0.629337413889841,0.00530293900449748,-0.0513256142912993,3.25996662237921,Human
0.00241157115269621,3.63874381066943e-05,20.2031778124394,1322.67332623503,0.636072386984273,0.00426063473665967,-0.035952597265446,3.23097684179474,Human
0.050858178996215,0.00181755712773941,4.13997705300186,33.526374253766,0.633535779734002,0.0057460876116987,-0.05106287461101,3.23921079204261,Human
0.0162993659955529,0.000655292694427589,5.24214679073148,55.0940690207745,0.665389889222395,0.00441634850285989,-0.112123249970217,3.74622141011103,Human
0.0133838654816858,0.000426775524225111,6.22483409006377,81.7888064260756,0.668709445078138,0.00513066944518846,-0.0560018033619491,3.21785035734273,Human
0.00961970072193285,0.000295442227623364,8.33367434858851,152.221165195999,0.657602141421694,0.00469748738535855,-0.0568108047183893,3.30361911228423,Human
0.00705583617097892,0.000140733978082713,8.54323258097697,177.068509548749,0.639727659279861,0.00508856964370976,-0.0492112213733284,3.26963406065288,Human
0.00950120132218908,0.000386277431573314,9.68976409536672,182.879065325895,0.67757959042205,0.00460006912379722,-0.150530540279402,4.01121486169175,Human
0.00485384948402775,0.000206667734908857,10.2811041595996,199.533582739372,0.646568402061722,0.00483832566816508,-0.0488951571674539,3.29145339903188,Human
0.00483793808740349,9.83276653163323e-05,15.0497939620278,552.336883637642,0.673971963250308,0.00519950577878627,-0.0609603518883896,3.30324354494473,Human
0.0487624768696724,0.00222305993152402,2.95849321327486,18.5001841538804,0.67139169573619,0.00426639873099807,-0.0584677958962078,3.42078048382025,Human
0.00922756509261228,0.000255680442250843,6.90012615203984,114.278743342803,0.660342967530584,0.00450441502304427,-0.0948171108551307,3.61594341774004,Human
0.000436125076920759,5.31571500876227e-06,63.5332728135665,14012.6730739385,0.663571627492484,0.00578552521993534,-0.0874176848223102,3.41522438875649,Human
0.00283506845272041,0.000141059902088704,34.5106079461746,1886.15492159657,0.598255988971164,0.00645065219275361,-0.0145446458299603,3.01315281666849,Human
0.0030927521534313,7.5675991466402e-05,12.6320521627913,387.213912843643,0.629515852690527,0.0045202858651359,-0.0537926864982322,3.27447697906537,Human
0.00274627966695234,8.43997269322398e-05,19.2512119345,858.267259013793,0.658776772920043,0.00458183483859661,-0.0786858177431525,3.36586146556946,Human
0.0249746208493188,0.0009957329739432,4.32603963780141,38.5149979832344,0.671421531983112,0.00457406283981741,-0.153605274942755,4.02753057090763,Human
0.00609651839506526,0.000221615256514394,12.1734428943525,273.587846571065,0.582701837218571,0.00575269607457087,-0.0190250865725915,3.04282008670876,Human
0.00394464643262622,0.000122014200897244,16.2835914834263,551.153545954924,0.650312110699739,0.00479992278866202,-0.0515432129619402,3.11667455455275,Human
0.0114043431672434,0.000238715852962162,6.61697220961746,110.028716223852,0.622069809713082,0.0054860874762379,-0.0265260651402255,3.22605926677867,Human
0.00957711209768076,0.00029069202927819,6.87408641873153,97.1997817104183,0.651304446981802,0.00519786325259257,-0.0253468794848728,3.07893507947735,Human
0.0285135642429558,0.000804847878381661,3.92863526074301,33.3882614845155,0.638201516529466,0.00470995611774726,-0.0512468301975915,3.35696678831569,Human
0.00477968145626463,6.56499080295726e-05,17.0211804663516,857.650160833972,0.657158748118981,0.00479162991890168,-0.0551965975605549,3.35032168153975,Human
0.0219962724898315,0.000623427162769223,4.29440035493424,49.3586298211238,0.655893403456482,0.00471008408212036,-0.061786481317871,3.43389089132908,Human
0.00584658475427601,0.0003649727334753,15.0265921734032,384.331674401486,0.618373801173976,0.00643749338640382,-0.0616931202139052,3.09856771128055,Human
0.0135961631111309,0.000592459906582578,5.53139348126151,59.7939282368205,0.675441668152589,0.00364617977425409,-0.0505491048428316,3.24270686924076,Human
0.00302738766610267,7.13380925366748e-05,16.9068567919946,704.320277005031,0.600607772103151,0.00494671969594614,-0.0317165562881919,3.06721002818626,Human
0.00629264404125732,0.000172341069007655,12.0425009006206,343.745714898694,0.650774937385698,0.00481207296228936,-0.0736800329130664,3.44356196937667,Human
0.00102887871193442,2.7650741096875e-05,42.1273508919492,3889.23656544526,0.640963543540647,0.00476081572599686,-0.0633080900119418,3.34288913295815,Human
0.0115142535678618,0.000506428159509849,8.95122544109857,156.996191194268,0.658723001938581,0.00420338358239917,-0.0702424904692712,3.58207370186975,Human
0.00805212433687211,0.000191963243536358,10.2007577017177,242.720741222392,0.661084277088163,0.00505737759941363,-0.0605320673000768,3.45143653623932,Human
0.0227694491164976,0.000883026608344579,5.16113519888751,54.48450112997,0.661568466701991,0.00513975875858882,-0.0496572701705385,3.17612119079706,Human
0.0201014865601576,0.000911601883312075,5.14357115262031,49.9166866978141,0.648132560460131,0.00466250943563887,-0.0659122890838965,3.31417323147555,Human
0.0665253811563031,0.00207420139281973,2.56052768029786,17.7001245362508,0.645960674844687,0.00501674315233508,-0.140334754736092,3.8345095607612,SpikAI
0.00873191454957998,0.000328553516451423,7.303439154458,100.230762006848,0.659304378990256,0.00536956611805451,-0.0687528299208066,3.26730540883117,SpikAI
0.0869030767933337,0.00296967078456013,1.92786121788401,10.1426118741497,0.644966318215419,0.00661574829777665,-0.0602910372238787,3.13631340091094,SpikAI
0.0376673546516578,0.0023524502459403,4.18698369672099,31.3465926022278,0.679049019289501,0.00458174912639104,-0.100642526161815,3.55587579869821,SpikAI
0.0556331868552959,0.00233971459032881,2.61156642774165,14.6038070599417,0.660978799611811,0.0063291764826595,-0.138242560157863,3.626386016594,SpikAI
0.0347232786119036,0.00104550753897623,3.36777811674566,26.3536783890373,0.618038965115302,0.00781536548438836,-0.0731493962865248,3.1155587878647,SpikAI
0.0672105372936517,0.00205601689361536,2.1846843026533,12.5066725742934,0.678643451254409,0.00470035585351108,-0.187882933355326,4.17655761624635,SpikAI
0.0813320881995169,0.0027960740215219,2.15955801310389,12.3694750590542,0.664538456930054,0.00508584328436441,-0.157920361899114,3.84827457291868,SpikAI
0.0151158352307158,0.000722540138145966,7.66361627886264,118.844108251784,0.631503310495498,0.00890522653838328,-0.0617743436394787,2.89079858546411,SpikAI
0.0291881768419862,0.00146089572504357,4.39167643461082,35.8330198929258,0.645125262238956,0.00472468155629626,-0.0579218866916751,3.4179124571795,SpikAI
0.0262958452366422,0.00137639846745998,5.20555957356456,50.7903171895209,0.657431720882681,0.00561794115619953,-0.0653391700800647,3.42872016830031,SpikAI
0.0277613903194109,0.00160225072260832,4.6926721923702,38.6566336648816,0.644884965509119,0.00633303610682108,-0.0579330062066966,3.20355553371309,SpikAI
0.075506310807392,0.00224181487710807,2.06603757877481,11.5906683532174,0.648325428277422,0.00630440258773831,-0.0522604381561388,3.1387283209447,SpikAI
0.0879112783704665,0.0030699780656578,2.07934258173904,11.598696109002,0.674049605231313,0.00594118516613362,-0.102343293833267,3.47524795663792,SpikAI
0.0260960377404839,0.00138505810046632,4.81018024770513,44.4559035175566,0.678297130437721,0.00452932646925977,-0.179300672534324,4.15159354435578,SpikAI
0.0387515769863094,0.00147920838462568,3.50396903912547,26.4989099385133,0.660568422208046,0.00597303304035811,-0.102876388264713,3.44908392419154,SpikAI
0.021151518546971,0.000765290986813758,5.00697558377328,50.2941786574512,0.646533839961358,0.00608742808418088,-0.0604592056472079,3.25592124096947,SpikAI
0.0298604397359049,0.000591671485744166,3.96906238241326,42.4555625133114,0.671469663527048,0.00494214366523963,-0.144400867867529,3.86398378910359,SpikAI
0.0276361029801499,0.000794502100316148,4.12662804422265,37.5808759753333,0.646255799643942,0.00551740122140003,-0.124591108482406,3.60122551944781,SpikAI
0.0303237346513777,0.00131900351832066,4.06555929144638,35.4503266473443,0.633538574026828,0.00470593141040005,-0.157845880959291,4.03321485249384,SpikAI
0.0152944823836719,0.000711383320474329,6.94444102146505,96.9633803853623,0.644513638575588,0.00516252056615322,-0.100318327371442,3.49863874862626,SpikAI
0.0152944823836719,0.000711383320474329,6.94444102146505,96.9633803853623,0.644513638575588,0.00516252056615322,-0.100318327371442,3.49863874862626,SpikAI
0.0266693286674883,0.00111377356938268,4.98614315083634,49.9145646200726,0.647792635424684,0.0063140010164456,-0.0628378677554224,3.33809492908076,SpikAI
0.0214623190035392,0.000541532594867495,5.21226758007305,65.7506176802135,0.641570151351323,0.00549681716772727,-0.0647893640385861,3.39351755693802,SpikAI
0.059394238890633,0.00266081107942664,2.91211774654717,18.2949222987935,0.655684448039182,0.00612005568224203,-0.106395399342475,3.42469050300107,SpikAI
0.0553757385399781,0.0024312240288871,2.84868787616705,17.6435165136014,0.652664760090064,0.00786381589840028,-0.0866359361336798,3.01520153240905,SpikAI
0.088515379931418,0.00355216953020961,2.03273832130213,10.7638019810903,0.631883859641298,0.0055664968360517,-0.0707601788748426,3.29377054974781,SpikAI
0.0622872685476392,0.00301927850088205,2.98576326557121,19.4094875512541,0.670800646322232,0.00483045470580419,-0.167025584868167,4.08455443284459,SpikAI
0.00930795372872459,0.000321653356037392,8.8665467434657,153.902126902106,0.677803761705166,0.00562343570261785,-0.13612745236047,3.72076018869968,SpikAI
0.0239226299744394,0.000785293440781297,5.63930031985657,70.637953893626,0.648751720570505,0.00600060834118534,-0.060413286944953,3.25103310072831,SpikAI
0.0348263966619657,0.00109357959380555,3.37056819034024,26.4428539370745,0.675370483817181,0.00493435265863615,-0.0902314690858447,3.44926087208308,SpikAI
0.0242814540483733,0.000508789987273113,5.2243221960456,75.0269569233804,0.654431255595118,0.00583643983254169,-0.139613018093773,3.66667912083916,SpikAI
0.0355063059169499,0.000901244143043751,3.52930041800118,31.9264767931745,0.64860909983695,0.00588136695716321,-0.0644044424386008,3.32168666995818,SpikAI
0.050259758352163,0.00254590942572339,3.34435479873747,22.5245338411976,0.629184951591481,0.0063106571848606,-0.0911518837299229,3.27353807138992,SpikAI
0.0283663939501725,0.00104857185862836,4.30869894115583,38.1569851449358,0.661302865141733,0.00547980982538251,-0.0698242007345945,3.28896917444675,SpikAI
0.0237915143902397,0.000604334670196256,4.67758647754527,51.3911056898743,0.662789475907786,0.00512903988514212,-0.0945492837701432,3.43829572795143,SpikAI
0.0157187091704569,0.00107507065242168,6.97174769683924,81.8469119155044,0.651704959614995,0.00567012385518427,-0.161520938715864,3.86653375977907,SpikAI
0.0839620654315731,0.00291013470164396,2.00526083827348,11.1101119690232,0.695404752286805,0.00450861019833243,-0.154014600512601,3.7977543119036,SpikAI
0.0142707862834597,0.0010141530062844,6.57480378458798,74.3517726555578,0.634323700036851,0.00559005246652346,-0.0738576087658959,3.47209571819072,SpikAI
0.0171347137745593,0.000319878946427854,4.6847938672752,64.6608083041215,0.660496515723921,0.00510658153454542,-0.138430507906336,3.91738356226457,SpikAI
0.00913368904672292,0.000346426248809958,7.44880892257996,103.454325289306,0.651933316730168,0.00633196340349833,-0.0697750043148911,3.34223895074429,SpikAI
0.0181030277362673,0.0010925403864199,5.63075776772565,54.1970657106118,0.64679050648816,0.00559693186564894,-0.141967305768547,3.6767425849725,SpikAI
0.0212594797226076,0.00049181694896647,4.38207617699368,46.6535636387372,0.641468275919746,0.00507047447622929,-0.111006910446169,3.61632870161308,SpikAI
0.0876960882572436,0.00329974451770525,1.75356717794598,8.08568422784829,0.67271309440428,0.00440353155260117,-0.183978291871395,4.12111886674586,SpikAI
0.0102858317947388,0.00049425672629974,9.31135419582109,164.170853465403,0.660057827063309,0.00423498375459237,-0.103554481339735,3.54657351268313,SpikAI
0.0241988389122918,0.000717400335296011,5.95283728220949,81.7171444729689,0.657046871631088,0.0045331762622699,-0.105121796844684,3.62251690048917,SpikAI
0.0241988389122918,0.000717400335296011,5.95283728220949,81.7171444729689,0.657046871631088,0.0045331762622699,-0.105121796844684,3.62251690048917,SpikAI
0.0155007677616353,0.000946530368124697,6.33598226924526,72.0398271081704,0.645150481382387,0.00530369359890783,-0.0618136554575212,3.32755057835352,SpikAI
0.0506726431525553,0.0017208601849475,2.50217191566081,15.6436688920736,0.645048993810882,0.00715284219066683,-0.0597401044363924,3.12345383780356,SpikAI
0.0176084933833172,0.000880395421143366,6.45427967790759,78.9771429545801,0.639583248554436,0.00460383422019309,-0.156358101932513,3.86369303990212,SpikAI
0.0194982534538787,0.00118344408017658,5.86288818942528,60.49618656074,0.655782738682512,0.00568346612445523,-0.107724616493752,3.59013364602254,SpikAI
0.0306133323817016,0.00061421280041109,4.27438713960436,56.4875413130961,0.651712112349928,0.00605204448606003,-0.0976820973644134,3.3631797896835,SpikAI
0.018930513804642,0.000915523369461425,5.56665883051051,60.2656940497244,0.674121543021858,0.0055082353810843,-0.112066885715537,3.55744028884178,SpikAI
0.0470672009622456,0.00131482919972531,2.69019617287019,19.8143664686826,0.667368638012253,0.005522905346822,-0.15786136006947,3.81329601160519,SpikAI
0.0576350640784307,0.00198672732814258,2.97337296721148,21.1203726375845,0.656837802369599,0.00593716749454576,-0.12058171464348,3.61485240159826,SpikAI
0.0254383138141335,0.0009136885744157,3.80917981960757,29.0207253861548,0.647118615667192,0.00567529665237833,-0.0987339225928546,3.44347524615941,SpikAI
0.033947421385871,0.00148912818286664,4.47151116763999,41.515019755346,0.630644802400158,0.00885532639068793,-0.0640498358609674,2.96129269067791,SpikAI
0.031986117249263,0.00119544745326251,4.8037070290377,48.4260829463797,0.650441256635722,0.00671610707166594,-0.0512337814317507,3.07325195886875,SpikAI
0.0239006736828854,0.00160885872437521,5.23567763670974,50.6557206349198,0.659208543104691,0.00589425693126943,-0.0596925313322527,3.19883979426648,SpikAI
0.00870952821029108,0.00025271349754685,9.74539663931332,212.540980947997,0.64928804421117,0.00593831199704118,-0.0667482405459719,3.36094811046133,SpikAI
0.0484248071721695,0.00147134461052183,2.98224352318991,23.6441174780821,0.689471508821856,0.00512257223568116,-0.116391987268615,3.61047642810043,SpikAI
0.0392286578907569,0.00101868206448035,3.98575007731737,35.9483817633447,0.655748714011464,0.00491774938225055,-0.0918758338770673,3.63737892764039,SpikAI
0.0348621507646098,0.00111278910030514,3.63748618184397,29.4042896680858,0.685196312723856,0.00450864235757232,-0.186642513747665,4.09962592711558,SpikAI
0.0818141987140802,0.00329200747116878,2.17306202954215,11.6902600792243,0.673125124655492,0.0053871442864497,-0.158347930043946,3.86629168298049,SpikAI
0.0449591215633671,0.00210758199618468,4.3706867536998,37.2189853327182,0.654856226946037,0.0052771215555123,-0.15696716684488,3.90619390621167,SpikAI
0.0153344108136924,0.000210643206479139,6.65593880216937,167.225345897714,0.638644060463801,0.0054185245205007,-0.0715904081744278,3.37985162631685,SpikAI
0.0175013159403267,0.0010316380751002,6.38344487137701,76.4124745164622,0.671151571589159,0.00541507049726574,-0.127620231753086,3.70749184157629,SpikAI
0.0581447617382654,0.00247167806697197,2.83017360268583,17.4238441509476,0.667751721683736,0.00608129249761818,-0.101094983652648,3.53732258923741,SpikAI
0.0284874310982089,0.000969244329707312,4.58391023973049,44.7583343015003,0.649311552917315,0.00517471031151135,-0.0768207609087116,3.46491449149124,SpikAI
0.0426588920031482,0.00188827536075622,3.4692329041654,24.8618480460085,0.642204625709866,0.00503346992922515,-0.0956759721267663,3.52435610859075,SpikAI
0.0638330503437788,0.00241994962744322,2.49979265480939,14.3707760091831,0.685550585847586,0.00478217902760289,-0.112930128440116,3.61468205100486,SpikAI
0.0297826970466155,0.000937656436760964,5.1317867479145,60.7634321711172,0.670366882681175,0.00494506428605236,-0.118370924722166,3.67711680913166,SpikAI
0.03977297277434,0.00142261868130929,3.23350174222488,24.3305059769074,0.646949261285889,0.00625510332500835,-0.0597622626562565,3.31729510787837,SpikAI
0.011978445066363,0.000543412136515266,6.8300193224927,87.2024230381115,0.664680141851169,0.00758680772050758,-0.0801268761023858,3.04646313542285,SpikAI
0.0755612524843798,0.00296004886573864,2.10322195162544,11.1675409263209,0.667753543906169,0.00490389208362076,-0.193842400204056,4.2536443335573,SpikAI
0.0202830367447215,0.000681714324239081,4.35923847586663,41.0744843228222,0.658117515161594,0.00461419606504308,-0.158516556390135,4.01654624700277,SpikAI
0.0263490086604689,0.000535493545749414,4.49406518781434,61.1598598851964,0.647574154336911,0.00529214110407607,-0.177155552642665,4.00905107444119,SpikAI
0.0263490086604689,0.000535493545749414,4.49406518781434,61.1598598851964,0.647574154336911,0.00529214110407607,-0.177155552642665,4.00905107444119,SpikAI
0.0173952589796763,0.00114007835474414,6.26762712520389,68.1047784543352,0.66395988289795,0.00571168115585338,-0.104471627840085,3.36910699429765,SpikAI
0.0162928284533116,0.000423054084193473,8.80916411691205,157.256209111073,0.636492621454985,0.00542485826420472,-0.0899122320618827,3.42214658045845,SpikAI
0.0191645689555615,0.000851352475669343,6.5135014114685,84.0785375860341,0.672750623573919,0.00534581625074423,-0.107328606327323,3.60664277904728,SpikAI
0.0521896419039364,0.00123388649713713,2.35507111198455,16.6041565375617,0.65569664197373,0.00600708365686714,-0.0657613203254455,3.28066446793467,SpikAI
0.00611926930488012,0.00016127564416714,8.1568405882374,167.711525697815,0.651025490962351,0.00481751660778553,-0.114763723836422,3.623641340723,SpikAI
0.016850619688683,0.000523241497579192,5.62957216051584,66.5340325741665,0.69218651080055,0.00510787835160552,-0.155728354130849,3.80565916006524,SpikAI
0.0150174108747842,0.000270232142684471,7.36247339854616,147.709552675875,0.647102427979441,0.0059028115608934,-0.0722953074121816,3.37775812347511,SpikAI
0.0528601542639225,0.00159872484930626,3.10852318227625,27.5875473313686,0.647373208338164,0.00545960087076795,-0.0952916715614847,3.51391295019735,SpikAI
0.0313339031541779,0.000871102167659236,4.49312385501635,47.1381675865797,0.625663308530782,0.00634997835224408,-0.0550400218156989,3.13680807788911,SpikAI
0.0792546872912395,0.00198685736133949,1.71000064058007,9.1575663513171,0.634791117870941,0.00684198845085694,-0.0567055813907267,3.21617764190335,SpikAI
0.0185977917964215,0.00132409387813039,6.3371139057362,68.3777421229188,0.655501734122476,0.00428959304363513,-0.112991527168456,3.77406271923132,SpikAI
0.0606780778517267,0.00402981768250037,3.40589898876216,21.7025958834595,0.662939860938514,0.00535726888136275,-0.120502443389397,3.5931329004075,SpikAI
0.0324015383208157,0.0015601447145686,4.36086029987305,37.9664054641293,0.655413839616323,0.00485496482029905,-0.151095840497688,3.86525075275269,SpikAI
0.0331976445704331,0.000843166163630467,3.91767385906449,39.1490251208559,0.664540836471149,0.00555406011777667,-0.106262439968627,3.53439394671483,SpikAI
0.0228835440618298,0.00037541776492167,4.41401825549405,70.4114757480946,0.616669478694484,0.0062033369696835,-0.0681506012313262,3.25928809078726,SpikAI
0.0340057665878122,0.00101825359072624,4.59416968269507,51.1484738169131,0.683211675232592,0.00555225336599429,-0.150713987802441,3.82075832597703,SpikAI
0.0355077861623249,0.00136804633167123,4.67106159575011,45.6907691107276,0.646505229974395,0.00560283399271924,-0.0635843751462781,3.37670229556578,SpikAI
0.0595732630720977,0.00229163664959073,2.57825900646797,15.1881437951761,0.620499020210203,0.0107144995066941,-0.0465350249235604,2.64882534020205,SpikAI
0.0692375221821931,0.00271955993092601,2.49377817267864,15.3858717396586,0.648714202778338,0.00679058078418923,-0.107749587673538,3.40716460946038,SpikAI
0.0214183415826841,0.000604020202474686,6.15999714388799,86.9666121435598,0.656582708948811,0.00557200737930295,-0.14537885310488,3.71859685555877,SpikAI
0.0427058192789022,0.00221992816466697,3.69314209278852,26.8050156974725,0.672410838508996,0.00536633992627757,-0.127200382461194,3.72406429515465,SpikAI
0.00617956429084899,0.000218929852258378,11.2337301114996,262.375929561569,0.671564530190232,0.00518309341432935,-0.169193544435738,3.95351766850781,SpikAI
0.0955128027882229,0.00370146705382175,1.97958577894418,10.7314531796165,0.666803092843313,0.00596450079986699,-0.10132413645573,3.45360068652305,SpikAI
0.0201183949380455,0.000945401530748403,5.9395951544831,71.4734189899838,0.660696646580885,0.00439347124398023,-0.162544662357629,3.90669873169654,SpikAI
0.0407357096459297,0.00237713933949356,4.04533491159992,30.9616537198419,0.647623424557072,0.00630327194219393,-0.067952755042743,3.32311629571179,SpikAI
0.0408424159438734,0.00219245135649083,3.7313382021483,27.4555867254899,0.691626757308363,0.00503861170354168,-0.164897486455748,3.90577547157728,SpikAI
0.0201109537782542,0.000656358172073032,6.16538350966674,85.9132820215408,0.632516981850232,0.00783790017232385,-0.0700943231331442,2.80921416900679,SpikAI
0.0506044987143604,0.00173924768619857,3.12348810480526,22.320671128648,0.6218335083141,0.00585243128796831,-0.0540864360399052,3.23569300071484,SpikAI
0.0373512611777783,0.000790656379020188,3.77841762371295,34.663410466299,0.682941886103707,0.0061161976743969,-0.0942656076543087,3.32491113609708,SpikAI
0.0935824311640318,0.00288028672471943,1.67155935954728,8.25565339039615,0.634469711126871,0.00569097374984401,-0.0555089024732806,3.21861140018107,SpikAI
0.01788413800841,0.000936264488884137,6.20961582726963,73.9632222088818,0.659660779906144,0.00613655567364725,-0.112900001851544,3.49994818501285,SpikAI
0.0213347738262573,0.000572779023727927,5.02412628160064,57.4654241175665,0.658171685928927,0.00415479620295976,-0.111295101012159,3.82858990865001,SpikAI
0.0515424999113466,0.0025028191439076,2.84189942513057,16.5669106010421,0.673647772924464,0.00435616403805479,-0.11570364987856,3.64521114736478,SpikAI
0.060269603496029,0.00247488075369616,2.75999476532465,17.5939321232056,0.653748659291206,0.00670957413268584,-0.0611277784623595,3.12091411357438,SpikAI
0.0526431720471699,0.00188025914212621,2.78612937889575,18.5816418368964,0.661945002978513,0.00584628137067955,-0.0841779169788014,3.46552891305203,SpikAI
0.0300299884867612,0.00104666804927453,4.91147524003532,48.3010429443675,0.637997064971993,0.00607973785227068,-0.0701492785392893,3.26433180183373,SpikAI
0.0645883204860582,0.00207276343685467,2.53963176137706,15.9860613320744,0.66342509710341,0.00601126070022226,-0.101700693596342,3.42842369253986,SpikAI
0.0117624954919847,0.000512988998593804,7.61082047789838,110.884898499473,0.635575719592139,0.00645213791118299,-0.0590181132301695,3.24833139454227,SpikAI
0.0253606716138751,0.00101277684779538,4.9116862487517,47.1712441967409,0.675473438633213,0.00545120448759877,-0.184208147300976,4.15357538158336,SpikAI
0.00795164272256321,0.000162568097439228,10.7012619983401,286.489651189888,0.66847346583671,0.00520988247336564,-0.109878316809748,3.55380266213816,SpikAI
0.0944555803720409,0.00639686643067305,2.32891700963811,11.4591370490919,0.60809086242036,0.0128581009214941,-0.031342632439668,2.36890607206877,SpikAI
0.0509349847407043,0.00153423420284244,3.09008753379403,23.8138942445008,0.650387756768342,0.00710945626016526,-0.0970482381618123,3.20834515427723,SpikAI
0.0384190584401349,0.00110999024257698,3.84564591407063,31.4931692145529,0.649096517143628,0.00451301467824861,-0.0562458312333794,3.31838056791298,SpikAI
0.0791602994896224,0.00417822622863057,2.66188250989667,15.2699971453107,0.677767554525978,0.00561085534660708,-0.142093387055251,3.72704064124589,SpikAI
0.0889322555101483,0.00347933913421164,2.19915315533783,12.4451923958889,0.680466692347969,0.004881462276424,-0.101031721699289,3.40394086092257,SpikAI
0.0735824643805397,0.00234558149044908,2.00006918791939,10.4340523086699,0.682420429493145,0.00537078994821424,-0.169178017709352,3.86526395860015,SpikAI
0.0556577305204647,0.00119063927483953,2.05142371860365,12.0943475673426,0.645419404666553,0.00638500393684732,-0.0735928958543438,3.3550810579154,SpikAI
0.038719947735631,0.00118112356892842,3.86767818817571,33.7657592782039,0.665822760865823,0.00477092062193331,-0.107205458176058,3.52524178574722,SpikAI
0.102933175644557,0.00435675086539249,2.01419505403797,10.4309896436221,0.684567006405477,0.00526067629141759,-0.15880750648104,3.83736274370585,SpikAI
0.0923801825007362,0.00332215021086542,1.93571831839636,10.033721499577,0.662134754074411,0.00568503854977265,-0.152334716210819,3.8107279558105,SpikAI
0.104391637570207,0.00438808199905547,1.80834167614451,8.63747885254955,0.666588579198889,0.00559884741625803,-0.161362001832373,3.86554494502049,SpikAI
0.0707139675657703,0.00233492194110621,2.27415066786185,12.9849923043552,0.613175809333847,0.00686685220611059,-0.0617203035707188,3.19935689196404,SpikAI
0.0149800909902348,0.000900576707131088,6.8218573641731,81.5024238929195,0.681127528809028,0.00513975347362051,-0.158920936748557,3.86687522201734,SpikAI
0.0175308516564734,0.00123908315219221,6.82625416547424,81.4506782496227,0.633661143439667,0.00705934743532999,-0.0595163936122649,3.33316111348412,SpikAI
0.0223670254957912,0.00122489182111667,5.89985280756201,67.138658790084,0.640156589143501,0.00692196837155727,-0.105271983703753,3.33397532775502,SpikAI
0.0244347946854434,0.00128507791636537,5.38639972124199,54.4846029963944,0.672927454891024,0.00477872883135935,-0.125712904221342,3.70079327983479,SpikAI
0.0219639131199099,0.0016582273153204,5.77968503811444,56.7310320997168,0.653770410127128,0.00529725777098077,-0.066828658984048,3.499668707201,SpikAI
0.0223206651543609,0.0012362668425731,5.12432603515537,49.5412046256761,0.684975711732874,0.00541288377731428,-0.100334781349372,3.55749019778723,SpikAI
0.0185980559290365,0.00107508368752052,5.7253147200536,59.2450641290543,0.654468928700247,0.00604197111253166,-0.0720672860696677,3.3449894943808,SpikAI
0.0179927481217296,0.000919038158100164,6.24821004339548,69.1148390600805,0.631668077033027,0.00461554852951115,-0.0766957812925495,3.56687495320428,SpikAI
0.0217242123670455,0.00155282363571176,5.24747996898309,48.2816030491084,0.653643050059413,0.00626943743279027,-0.06309468342396,3.22965551624559,SpikAI
0.0168364050208493,0.000772100440746948,5.68731355329028,61.6293317137973,0.638661947129178,0.00650434431148249,-0.0590248653746053,3.30396302821635,SpikAI
0.033902722866694,0.00166411360189771,4.07518668891351,33.3616761461557,0.642483281416781,0.00592382013892289,-0.110985065300575,3.51573167961774,SpikAI
0.0356781054214231,0.00156754870560916,3.54717575238516,25.6704771099193,0.639492115147462,0.00579744078457354,-0.132793512971618,3.66538209809706,SpikAI
0.036980799542012,0.00170456510216559,3.91707457963142,29.5641694633887,0.66714101893781,0.00530182264297817,-0.160535602166006,3.88265641038925,SpikAI
0.0462431590925739,0.00227702357842969,3.09332300669467,19.5937825539847,0.625665681567066,0.00640638319617747,-0.0613123680419893,3.27158036202787,SpikAI
0.0427641731679351,0.00274089023814021,4.25403687982369,33.4948037891008,0.689370431046571,0.00485606198226643,-0.189848435056425,4.24448871219448,SpikAI
0.0216004088393282,0.000880866563406133,5.39304993066836,53.6339515154175,0.614560997375556,0.00532075406566785,-0.0590122242605938,3.17920751971736,SpikAI
0.0468592862771397,0.00298654784851819,3.65913972864961,24.369413488103,0.682296823639081,0.00584726801238169,-0.15305626192876,3.77545562297491,SpikAI
0.0262224620387431,0.00100827927391564,4.59183154061626,43.4707078188708,0.652600947971076,0.00570558923000083,-0.0657703032367164,3.35618928066706,SpikAI
0.0271547674009823,0.000966974992788339,4.04390315057672,34.2778781175346,0.642457535700303,0.00618504990500638,-0.119161695412744,3.56215947955046,SpikAI
0.0315506085545988,0.00126394023647472,4.35052546352014,37.9603918851456,0.659507565958455,0.00578370783774311,-0.129959351779652,3.65071802101666,SpikAI
0.0533052925366844,0.00213790708714079,2.88949784110722,19.1836403807978,0.686219378152703,0.00562298387377647,-0.154636672577147,3.81360142555324,SpikAI
0.0508429776583444,0.00237165461196178,3.08398669545306,19.9209633661431,0.637555569776246,0.0053327505275539,-0.0584286004803297,3.34817846301637,SpikAI
0.0381011075987592,0.00172918109536909,3.66887680622893,27.22605113569,0.65975435877095,0.00555933693680566,-0.133902370789242,3.74447017264308,SpikAI
0.0405089596638935,0.00132405867248187,3.15936382000613,22.8249799177151,0.649941550982955,0.00495070414830625,-0.0602308770311861,3.17644562935676,SpikAI
0.0271304277127859,0.00107042024132763,4.13649092911211,34.9886424463483,0.66119500687571,0.00535912120382939,-0.156886855050149,3.88672371813722,SpikAI
0.0460916319380725,0.00204394083424873,3.15870001418582,20.352478169264,0.664412809325709,0.00485943456860391,-0.157963540369918,3.90080727229796,SpikAI
0.0416550715790575,0.00175745190290109,3.63104405988836,27.2445857805475,0.658678681524671,0.005818917841367,-0.0580901336208616,3.31868757062724,SpikAI
0.0269011685683877,0.00116138681634293,4.71282598825233,44.930259375664,0.640829586261025,0.00528108069651932,-0.113238753007571,3.56036419345138,SpikAI
0.0335908842208492,0.00112660573886548,3.88070623909799,34.8037511573424,0.651392824748119,0.00575871205431171,-0.118158675613343,3.53088482930801,SpikAI
0.0709870401783639,0.0029916756563975,2.23233861547231,11.7246320850158,0.664873804512826,0.00560230707488205,-0.107117564220863,3.39733414613739,SpikAI
0.0464649478352809,0.00123940554189335,2.80954349101234,21.6375717246666,0.668292703754588,0.00489765427366749,-0.163866019256523,4.01398009267287,SpikAI
0.0198900500368586,0.000238511882897288,5.1704807201951,115.485433601586,0.676573660338487,0.00586668646480421,-0.112141428033483,3.48531352721491,SpikAI
0.0278383404036871,0.000559777544498272,4.17363055131858,54.0168752199242,0.666661754384449,0.00490396973491162,-0.114225386998682,3.64799095217441,SpikAI
0.0331067469261106,0.000641459278953323,3.32956183037963,34.3325094299051,0.659921823059628,0.00576645580058571,-0.0787082678537723,3.32334671343186,SpikAI
0.0161260749742159,0.000212164230915548,4.70792632922588,105.531558075835,0.650380368910721,0.00545518311646243,-0.112789890515279,3.60902485257928,SpikAI
0.0372518439400032,0.00100364664822275,4.16305361451399,42.5458425846205,0.69594526163392,0.00453752171566706,-0.169365443205116,3.98058487899974,SpikAI
0.0446361111138423,0.0014479221354727,3.38768823747227,26.3129013855827,0.650219553910794,0.00632784059015687,-0.0627887701031506,3.28542172437203,SpikAI
0.0449579367189907,0.00098234343792559,2.59970870375184,21.4517321822459,0.653957738446343,0.00545494871015871,-0.174098574761184,4.04563948551178,SpikAI
0.0525309264884225,0.00159007056218229,2.94947252138421,23.179972016582,0.67298730607028,0.00501463982038129,-0.159279001578563,3.97395122033922,SpikAI
0.0448401984642692,0.00159932581677808,2.76533959961555,16.163494724742,0.663308464641332,0.00567456462867971,-0.158552593412742,3.77561363547522,SpikAI
0.0394029149752562,0.0015550768038701,3.84114726594606,32.0016182921034,0.636959291254821,0.00665456161902387,-0.0590248808827149,3.29590218510499,SpikAI
0.0305336712764137,0.000895640441473973,4.29703671178387,43.1820943394645,0.647280253286251,0.00568469193856136,-0.0667741837541705,3.380724298652,SpikAI
0.0149770405237749,0.000394035757110653,8.77769925757714,171.844117045028,0.664077369643999,0.00499209045131598,-0.161573727504203,3.83101739145787,SpikAI
0.0282720207257416,0.000956394122343613,5.09841686841529,52.8491840560058,0.66722029381501,0.00544459257206578,-0.183797604215551,4.07667525009292,SpikAI
0.0458613994863406,0.00168023211931344,3.16487150306841,22.2981135665633,0.64233622134216,0.0059869806383172,-0.127885491205353,3.59193159195785,SpikAI
0.0403699361818533,0.00158242697207264,3.57016725885565,25.6242060349331,0.641298908389775,0.00626444752111089,-0.0770696716103496,3.42759548583913,SpikAI
0.0495712693282448,0.00157319163668191,3.18489582884753,23.7652819992168,0.675624629004568,0.00501369904147664,-0.100950578701978,3.44051741316729,SpikAI
0.0620247560528345,0.00224954508047305,2.95923237438511,19.2216169073615,0.637379046426629,0.00815392009970943,-0.049443738735882,3.04163119660019,SpikAI
0.0344392554841239,0.00105539772276938,5.55103423248069,68.8268349284666,0.647680585950586,0.00599564911379482,-0.073953572506348,3.36010701725073,SpikAI
0.0309633491966134,0.00078497846592544,4.74045477714306,51.4843906998774,0.689308882491178,0.0056549582330267,-0.127092954102648,3.4739619299821,SpikAI
0.0752249999449194,0.00257251152440078,2.12797188220255,12.2003417463831,0.650738279435782,0.00464697974732215,-0.160368977971953,4.01619720519802,SpikAI
0.0798307094572259,0.00260496164459179,2.20947279000619,12.7089518177107,0.638141889015118,0.00555153509921877,-0.0739755559309702,3.26372856430122,SpikAI
0.0838153009250585,0.00301115858358142,2.07643379006171,10.8818042822361,0.684133434342358,0.004991797061176,-0.146155688376111,3.7798530622274,SpikAI
0.071668873404678,0.00279859551396829,2.54263643221571,15.4213159005711,0.675898919650579,0.00461296503104373,-0.125943735840602,3.78563593733182,SpikAI
0.0803738724611564,0.00228362756085739,2.04295808114669,11.7017725576912,0.662202290488495,0.00506850768532623,-0.168389243621363,3.94990519898074,SpikAI
0.111100950804546,0.00479754024488134,1.72537757469752,8.30172423982673,0.661270354234417,0.00500554642158666,-0.135627516579156,3.86619449590989,SpikAI
0.0740341526362104,0.00281337647923163,2.15891193313614,11.6630064754218,0.644933400428394,0.00598192343174436,-0.0837452796457238,3.46572776530049,SpikAI
0.0922230719889709,0.00414196944633031,2.02712966845883,9.94052406911922,0.654094783940832,0.00481224092483024,-0.109736566619018,3.58324774715537,SpikAI
0.08701420952451,0.00405734878885649,2.27158911929926,12.4120648502547,0.667169161471572,0.00574074742192932,-0.162017145295062,3.91864724481361,SpikAI
0.130088689606398,0.00546731445466459,1.72454962596718,8.36069124032931,0.647641176573672,0.00651637387331442,-0.0676517526197797,3.3241098609722,SpikAI
0.0181912798980388,0.00113260084159219,6.07069759063985,68.1140009140851,0.663077221129948,0.0056518966179749,-0.175432432450333,3.97370938077104,SpikAI
0.0124612713029864,0.000755336037036589,8.30376579928494,120.002938115,0.641973026141819,0.00576925123175137,-0.0768157096437155,3.32954189256307,SpikAI
0.011244611242841,0.000490195060600708,6.9756361116848,97.0182650944089,0.642255039718724,0.00887095187219234,-0.0523798494629177,2.73827010938158,SpikAI
0.0221317074491351,0.00145736277390663,5.38331036137103,51.1834293308195,0.654911483497857,0.00491002135936838,-0.190599505516442,4.23985575522998,SpikAI
0.0139598218943985,0.000820151734532361,7.55528785599215,106.850416372884,0.671201094805035,0.00531919378510965,-0.135906226324527,3.81909634058446,SpikAI
0.0161250890709017,0.000635982894938548,5.78951494336169,66.0914587623765,0.65407694935563,0.00567478721111251,-0.0714528943823748,3.25151718895326,SpikAI
0.0235069830804029,0.00155026085162431,5.30138537786269,48.6615318592633,0.643357411838391,0.00603418509175596,-0.0701624618904338,3.32394532533673,SpikAI
0.0147255211641383,0.000870676304900446,7.17097308863593,87.2812183427107,0.652238161116738,0.00485361535489702,-0.115584792119773,3.63413627999889,SpikAI
0.010059922308356,0.000300795512229913,7.68513649673623,141.212804190202,0.649358044110363,0.0087083521956452,-0.0668735210443355,2.77671612290206,SpikAI
0.014509282345845,0.000769426434431951,5.61938838299491,59.1077239912044,0.656084277463065,0.00571308908762336,-0.0567346449260644,3.19172385856944,SpikAI
0.0247142335379684,0.00118742492378739,4.87748604326983,47.2013042644595,0.67129428825989,0.00457633872446748,-0.157725572731848,3.9562388204068,SpikAI
0.0225963051199119,0.000767863589773216,4.95592265909141,57.1482837249024,0.665578680452156,0.00489687543648259,-0.0639172603987021,3.465112339821,SpikAI
0.0309116799522804,0.00109462097284428,3.73704888609514,28.3733576219084,0.664103379850852,0.00565021858819444,-0.108388086755882,3.45765687092525,SpikAI
0.0514849424650627,0.00300333411412632,3.41785616663902,22.3695861184033,0.63235151477018,0.00573390357089064,-0.0595753574097851,3.20041586011842,SpikAI
0.0195529730883615,0.000804444679189727,5.68231771356935,61.6807289349016,0.68905291866548,0.00557180041597086,-0.140859858550409,3.71572298323095,SpikAI
0.0257948231854677,0.000960472081850683,4.75846683334685,50.3489930821146,0.634839438774261,0.00613835044329172,-0.125022702457678,3.55597982343181,SpikAI
0.0633644863800586,0.00305705983426326,3.0379574926892,20.013515247981,0.684926969886105,0.00467668599752934,-0.177813756142606,4.27167321723617,SpikAI
0.0142704289233887,0.000340397784170325,5.17791503316895,65.338062689338,0.681568974118607,0.00586644260126568,-0.172053627772541,3.96582599599583,SpikAI
0.0317246202447481,0.00139277891307792,4.6035562359682,40.7995955011109,0.656015190029192,0.00513577589528539,-0.0675471434120953,3.32652298242031,SpikAI
0.037129265970981,0.00128240435287645,4.42097715763971,42.0848140156066,0.611155426964281,0.00574291734554001,-0.056568932939334,3.33834550755459,SpikAI
0.0120030302313546,0.000384799711466564,5.11148271164354,57.0547217646473,0.626099955752438,0.00679982934128674,-0.0271541225266889,2.76523122584087,NaturalReader
0.00876818184910501,0.00033754334779765,6.89832116785658,96.9536380884209,0.625963400136012,0.0071453976248507,-0.0516691005221419,2.95655018634447,NaturalReader
0.0161337309798369,0.000639362189310239,4.50616622183583,41.8559947448084,0.668055388262011,0.00515683223990098,-0.084464370549433,3.44446075713289,NaturalReader
0.0089656164772021,0.000351666570393778,6.57944217180207,86.7231120458005,0.632113221156769,0.00575312132301563,-0.0311437793445189,3.17477009475009,NaturalReader
0.0150764028424381,0.000579754759539007,4.78496901340619,47.1370993580301,0.613693805390404,0.00699910257478561,-0.0179747203531524,3.01842234990333,NaturalReader
0.0139457914243818,0.00057507822478643,4.6474211919931,44.2363518665244,0.637754407668725,0.00590835040741958,-0.0781706922576714,3.23554394823371,NaturalReader
0.0143491457155649,0.000467584572710806,5.19737768214746,61.9253668044969,0.623519162685527,0.00433298549180042,-0.0744963213028195,3.39388145365848,NaturalReader
0.0193428622776216,0.00083815791489574,3.98594241120108,31.7181044358779,0.634057670563109,0.00633621476621097,-0.0166210222799592,3.08644523910062,NaturalReader
0.0237487426149723,0.00128447284777679,3.79653438169744,27.1248158365129,0.688486455053346,0.00491062168093959,-0.0977586195752703,3.62021056857874,NaturalReader
0.0156497983006962,0.000650176414851646,5.23869714408538,58.6392889631059,0.61134192707226,0.0071149588052169,-0.0162837477713777,3.03176620695755,NaturalReader
0.0264571007876759,0.00173920311858835,4.14529779884954,32.3186768441364,0.619327288989182,0.00564993583647965,-0.0269430189999917,3.14912104751188,NaturalReader
0.0115018396392498,0.000474785703302158,5.28437498281295,55.699212560797,0.584460617649848,0.0171106407886455,-0.0104562090415205,2.24067573060043,NaturalReader
0.0245346649298564,0.00157401618817079,4.22362715561892,33.2521858792561,0.662254877622318,0.00466816481660711,-0.0544667945849236,3.3449195630033,NaturalReader
0.0160027518718598,0.000808214577070044,4.91859323022473,46.7272058137655,0.642552763315223,0.005831131116688,-0.0372950459958635,3.16977515044001,NaturalReader
0.012517095795039,0.000502666154468779,5.35333032665652,55.9764138117139,0.576917572843157,0.0204015631967807,-0.00679259123536417,2.11933719807973,NaturalReader
0.0207260411029121,0.00105924781990527,4.0927698768243,32.7854955125767,0.665274351473616,0.00520839958038152,-0.0517081563123448,3.19787487679219,NaturalReader
0.0136605480784205,0.000532619392280085,5.27739423024729,58.338675361405,0.604008140053846,0.00626255744005516,-0.0158418616565102,3.07205066416036,NaturalReader
0.0167682410419304,0.000910204274681774,5.07805008683062,49.0616341230376,0.601107863610072,0.00599917061458187,-0.0157128127080512,3.26450661557279,NaturalReader
0.00933070502489513,0.00026016337513777,5.18555736659189,59.3551763026348,0.564349971159853,0.0327233056645644,-0.00232637575521196,1.80184109642256,NaturalReader
0.0177193006376573,0.000835069619380872,4.68335984222316,42.499661219672,0.646751337707699,0.00505031688489973,-0.0573750056985451,3.29019302431189,NaturalReader
0.00510993533700206,0.000131170518060143,12.1947895513699,365.358985260757,0.662572123598333,0.00460326464159449,-0.064564009330301,3.34349019692039,NaturalReader
0.00623347028449318,0.000200636664992686,11.1509556397663,274.996696464108,0.604488443631182,0.013284310807022,-0.0178164143758142,2.43973322238471,NaturalReader
0.00327967170008007,7.67662801974783e-05,16.0901877977824,648.69948925332,0.616231676698459,0.00589580742205125,-0.061905333326303,3.11234292015963,NaturalReader
0.00563858977115509,0.000195164881713288,14.0293480459088,425.81212300513,0.65928768556454,0.00527871041547716,-0.0525759015077332,3.23836288533532,NaturalReader
0.00592390354978986,0.000169239850102745,10.0353849526596,219.099093748088,0.669496358511896,0.00526785520964666,-0.0533919618008335,3.2673295382377,NaturalReader
0.00243400355804529,5.02276713651076e-05,20.1138620494843,1099.2060856795,0.603296885086407,0.0117600799873845,-0.0250258421994363,2.57768685401113,NaturalReader
0.00700350386302883,0.000218242914480958,10.9815149995147,283.551901144371,0.605763426919504,0.00595601668707565,-0.0223500595861701,3.21578764936902,NaturalReader
0.00718175388905756,0.000194542439647653,7.92634402054116,149.72666718562,0.638347132913157,0.00780800848873615,-0.0494867889970209,2.91936190740889,NaturalReader
0.00568599090156137,0.000134565450511023,9.0880660209843,197.897482324443,0.670704238429203,0.00444023205901033,-0.124280432445744,3.76915063921144,NaturalReader
0.00342072651809542,9.01265004539842e-05,15.0399024737406,524.940967077058,0.68035721493244,0.00479241859780277,-0.0539492168474711,3.33013973145025,NaturalReader
0.00486825762830052,0.000132634479156694,12.2786310327247,354.913342105008,0.636315468481828,0.00579598397805136,-0.0167707545097352,3.0861352599521,NaturalReader
0.00399098936221042,0.000103085301020119,12.056845037627,317.898680653102,0.595257355209021,0.0164832960852521,-0.0108336637441072,2.24219175165885,NaturalReader
0.00420734767324392,0.000123204042705005,12.4192897602939,315.472790514223,0.596093685674887,0.015144808029892,-0.0140132484154979,2.35286606618274,NaturalReader
0.00507397750515301,0.000104004332128808,9.49807044964423,220.217510888681,0.588017491305655,0.0137257075100398,-0.0158683965173685,2.40380345103912,NaturalReader
0.00324214934249421,4.94813339863781e-05,12.5962154079825,474.452272846974,0.642731234821575,0.00438859154657958,-0.047727130927821,3.26949108769531,NaturalReader
0.00436410634944604,9.35890229381682e-05,12.1056606163114,372.36355168504,0.613514938627612,0.00513928277592705,-0.0163729283592865,3.08905091690983,NaturalReader
0.00695498797561572,0.000229656711173363,10.8760742854355,250.539405811173,0.628274776578824,0.00638801271233207,-0.0185163018655083,3.09227538264079,NaturalReader
0.00841700845156011,0.000385675744494702,8.7466091934702,149.577169991157,0.629658241410639,0.00687230409343066,-0.0309310748394374,2.84745726990019,NaturalReader
0.00975027919395622,0.000656334774553418,7.47116481681323,90.7160220292274,0.659334803922648,0.0062204329651063,-0.0817217805444437,3.27350599035096,NaturalReader
0.00616728138716301,0.000291560887348934,9.2287241295444,151.513216538544,0.662974943674743,0.0059309808147117,-0.0531649723880988,3.18828753232115,NaturalReader
0.00366605017595409,0.000143231158852954,14.6831195333027,447.4945069655,0.598631534544794,0.015379013296295,-0.0133670500344839,2.29357923922909,NaturalReader
0.00901574929702643,0.000542785519685633,9.64053705502396,163.780396530394,0.604852055218653,0.00670537483022308,-0.0173826730978899,3.06200343092993,NaturalReader
0.00232759952995139,5.58543407935672e-05,15.924996376085,599.283065869424,0.618139396012652,0.0066797214164017,-0.0162020711191103,3.08701243999836,NaturalReader
0.00576484594773368,0.000311126928988258,11.4114826806327,220.368325652679,0.6572433982672,0.00442007378730022,-0.143263976210286,3.88318215860047,NaturalReader
0.00188722211416001,8.30768959199307e-05,25.0805096563573,1231.94953421536,0.61824361770527,0.00570402803551331,-0.0191461643794683,3.21380460616793,NaturalReader
0.00467153599620018,0.000229499229262241,11.4653440543369,248.888920874531,0.614893423680651,0.00659909124595484,-0.0164374253152314,3.04808875594651,NaturalReader
0.00637113751746973,0.000294353082647896,12.0821416879209,277.572018667996,0.63934981251012,0.00517836035419735,-0.0170834619050325,3.04634694034657,NaturalReader
0.00683170486296413,0.00036683316557679,10.6234980546479,206.617546424061,0.660750121886264,0.00523689695861795,-0.0458486804041828,3.18357926091676,NaturalReader
0.00533198185241864,0.000250506045405305,9.28579392525787,155.984183923513,0.637148480817729,0.00387393839711537,-0.0588866325082258,3.52403313425173,NaturalReader
0.013006464579635,0.00101837271355934,7.16780364957904,82.5804532040333,0.629655081294987,0.00737714998307208,-0.0574678154765792,3.00174043393799,NaturalReader
0.00347436761513379,0.000150951790844396,17.3671743756053,618.446275998872,0.663149453258883,0.00464756211176974,-0.0601846366470502,3.29831059949266,NaturalReader
0.0247157911017594,0.000846597962166684,4.26370689038693,37.6132083117617,0.635282548648989,0.00666085865555426,-0.0425892607526973,2.91743957878919,NaturalReader
0.0225476494370456,0.000714345102043175,4.88011545887706,53.5000499530154,0.664202317722245,0.00462139878437562,-0.0759828671113146,3.39952937798346,NaturalReader
0.0165506124477784,0.000501293692019777,5.35558068556621,61.2235502782126,0.646070308036465,0.00474931509803748,-0.0530661402768879,3.34534369637644,NaturalReader
0.0226918632710017,0.000704802259991996,4.50867257990207,45.0592832319133,0.646547476552832,0.00519294899658379,-0.0544810722355648,3.29667635526805,NaturalReader
0.0172490073994698,0.000832616491968085,6.14913548454746,73.3998110570241,0.660396001278948,0.00574715518293329,-0.052695708976321,3.13634838113465,NaturalReader
0.0227403304752641,0.000845488047734496,4.63417447653808,44.5903577181855,0.689389462528108,0.00405557182738748,-0.188807708785984,4.41234342964198,NaturalReader
0.0274954439711989,0.00132858271108485,5.21498282640765,51.808121410457,0.66984710384795,0.00397939461317464,-0.192701085211084,4.42145500286569,NaturalReader
0.0191295995342562,0.000696697437774911,5.3380159275423,60.4633977845649,0.579115743017305,0.00650233034476296,-0.0106959296708535,3.1730987225018,NaturalReader
0.0114825126361559,0.000424109592677853,7.58888800184225,123.195979363739,0.641404364152969,0.00485816763398034,-0.0584170310528394,3.34453007012965,NaturalReader
0.0168995061073801,0.000345237918655081,4.45216687783104,51.6882023473973,0.637916380057481,0.00412125159302087,-0.0484770761716253,3.28732294027498,NaturalReader
0.0180815995620673,0.000760953878410703,5.90370744466493,68.9612944898716,0.668197288727362,0.00502183039674364,-0.0727074453406626,3.37792186655951,NaturalReader
0.0121188336905061,0.000499715700340886,6.6210812708156,82.0424381495657,0.582219369179591,0.00745119102559906,-0.0116359254020239,3.19600636066058,NaturalReader
0.0141287381151267,0.000329725244241037,6.8748550339077,110.911396506124,0.660194862637778,0.00565935385869237,-0.0550418141986004,3.25258793855135,NaturalReader
0.00902901568711544,0.000190633682038839,7.56326871263491,143.082446654275,0.556141953352798,0.0263202807914841,-0.00455810678532091,1.93432659908484,NaturalReader
0.0103851817022317,0.000558029664647221,6.67061965574133,80.9048751578792,0.638150357220073,0.00624039119040192,-0.0504301867476509,3.12097174702874,NaturalReader
0.0214409871593134,0.00112890340755967,4.01251337962155,30.5507021483542,0.630436859265069,0.00484437373308574,-0.0560479096503677,3.35515120859942,NaturalReader
0.0120476005405967,0.000681524180375961,6.24444370012744,68.5517796904551,0.6546724094631,0.00493783135307732,-0.054902928669503,3.27783890558963,NaturalReader
0.0085665706751387,0.000358409041752454,7.30801832426697,106.244641201596,0.575295389151777,0.0216017378928173,-0.00675557468417441,2.09938424136873,NaturalReader
0.00779218592842823,0.000306518590755449,7.89988838832974,129.889317592045,0.623497534565104,0.0063480507158855,-0.0156776674415455,3.07913241781525,NaturalReader
0.00363434499153688,0.000184431505611882,15.5516584186876,451.326835725079,0.561368652347999,0.0385212820521894,-0.00139126753226378,1.66199071777307,NaturalReader
0.0371697740264572,0.000736868735717417,3.49614875786633,34.2490533441448,0.659143704079928,0.00520952791241939,-0.101683249978259,3.42503784510131,Replica
0.0552019608372355,0.00231846854476587,3.72716822312647,28.4012470484473,0.650903176438549,0.00476548441779996,-0.122591348875115,3.63545824863704,Replica
0.0182235509140599,0.000769275460497256,6.80104763940967,99.2064312900273,0.673126468336337,0.00416610099008046,-0.100031587968474,3.47207765478561,Replica
0.0391544821734943,0.00099946135933631,2.85400098864336,21.3280806793872,0.663660699522786,0.00556023160249148,-0.108407842250868,3.64977106268848,Replica
0.0206343357961102,0.00111053918412301,6.31374898596631,72.9341707273027,0.675394685753352,0.00506038787649627,-0.123330386501997,3.60489972131768,Replica
0.0057181452995944,0.000275579363658518,12.2523677666175,267.710204227248,0.674995923710804,0.0047529554596202,-0.12274877095497,3.75273312297665,Replica
0.0452878921343931,0.00180740534347959,3.57432956276106,26.9883606018362,0.677664906652374,0.00523488379555098,-0.111174102536077,3.49004258730809,Replica
0.0541884149251731,0.0029592305120391,3.60000641264461,24.851057703511,0.661393764682464,0.00452529667506911,-0.109399173126398,3.71662976708771,Replica
0.0192171643593659,0.00160948610063027,6.44189770432332,66.8886096858127,0.666859694329202,0.0047660708030039,-0.119326034975106,3.73053050519732,Replica
0.023759703048234,0.000808189345745655,7.21421040850893,113.736785587128,0.681652373343594,0.0061311708506061,-0.0995390670268173,3.30563128985517,Replica
0.0957349687980612,0.00272445790126192,1.71613312794841,9.23094981408236,0.660722235439431,0.00551588868247023,-0.111921634196866,3.50359939983513,Replica
0.0966055524002619,0.00422587751291306,2.07789109551677,10.5855681506584,0.678686888482639,0.00523941534381777,-0.108072413770219,3.44828720327466,Replica
0.114607417948143,0.00491799798277345,2.22789595620644,11.801368893477,0.670295531880378,0.00551404919702936,-0.112710848458888,3.60454227385941,Replica
0.111873662819224,0.00435896051422706,1.80054966658765,8.67537209642589,0.664661539092898,0.00596875297744227,-0.114101947449997,3.48801572970794,Replica
0.055067945110417,0.00193054923791386,3.19198974214392,21.5769008398635,0.651939551339272,0.0052642704064054,-0.138086931615672,3.69990171428377,Replica
0.0559934554033203,0.00170830734629894,3.60043522304752,32.7500237805955,0.663157013123087,0.00496552795343004,-0.132915818282518,3.74916109000962,Replica
0.0892883700686933,0.00353136716264953,2.3665184448566,13.4901581285461,0.632971859621688,0.00430252239156489,-0.121592603999207,3.78164012872798,Replica
0.076064714880563,0.00189102970168404,2.67001223612068,19.2586753187355,0.657229420837987,0.00498827927292268,-0.115318417352343,3.54746678033849,Replica
0.0677996815824201,0.0023315069014664,3.3365956850534,24.1616453078442,0.631326204106513,0.00512007199433651,-0.108470787216877,3.53498942551301,Replica
0.0810105534729265,0.00292675405318205,2.31174811964342,13.0964346964147,0.650458991849073,0.00469200104925218,-0.109914089059396,3.4727633684829,Replica
0.030771028496384,0.000858839831323966,4.66777619085662,55.208560965921,0.664068268744142,0.00460416905663193,-0.110655141934233,3.66847825304374,Replica
0.0465025627236574,0.00217178675863157,3.62894772571157,26.0722751046025,0.661327756642434,0.0054481102189384,-0.11539622923873,3.62570412307327,Replica
0.0654625811359255,0.00215884134511583,3.73255401320673,30.6909087632271,0.634897534731114,0.00559799074872725,-0.0728718870312385,3.39291202628175,Replica
0.0235392629500046,0.00112003118303342,5.36427772187179,48.5739098174149,0.659921474090709,0.00498327798592825,-0.108209270220736,3.54653877415535,Replica
0.0154846688058651,0.000680261806570878,5.87268816569126,64.294753594521,0.666548981740096,0.0060091973361647,-0.115764947297099,3.49966173459178,Replica
0.0242353034199107,0.000652446962557372,5.17900956312286,58.1367909753595,0.651785200617335,0.00525060298491204,-0.137347711236985,3.86224843284834,Replica
0.0355902907301187,0.00247422037723323,4.00577742041421,28.3522861646014,0.618664142051971,0.00502239798079473,-0.11274707566688,3.57625571123069,Replica
0.00822501612382029,0.000228326161910824,11.5006175803403,298.112998474082,0.647315619993006,0.005920648146263,-0.117394445983081,3.57356072113311,Replica
0.00726716241135864,0.000270544190832521,12.3305702097483,281.043139132102,0.630145731436487,0.00504826579188802,-0.115477176140591,3.58204345948678,Replica
0.0258872435041921,0.000944159113621235,6.00115570238879,69.0957369398232,0.665651596956081,0.00531944396043334,-0.109586554680729,3.6533694157109,Replica
0.071562342277302,0.00562378635567969,2.65345504948443,13.5568414471346,0.667873435558176,0.00557154448582864,-0.128861642347155,3.59550630702623,Replica
0.0222310793125704,0.00100593589757061,4.65329276830559,42.7346123942471,0.659451528508864,0.00533117554603969,-0.100802234880923,3.45987062563304,Replica
0.0193195244790038,0.000971295230832546,6.57628322846499,76.9614453469623,0.655740959519302,0.00514788462048104,-0.127193238552761,3.64396824788649,Replica
0.03095008149921,0.000948681021768918,4.40985682637796,44.4365620178553,0.626726411878919,0.0050980646868132,-0.114754184444924,3.58633886803626,Replica
0.179995747718139,0.00550980930140293,1.04994918232636,5.09971743398303,0.667253859020664,0.00492665046591237,-0.0982493726881137,3.56729032771338,Replica
0.127312148736374,0.00468991267129937,2.01595853912504,10.8908054133536,0.6492038091905,0.00648013244068654,-0.0900521974463946,3.37171412780585,Replica
0.104088739052216,0.00286147358215423,1.86079961998342,11.3690627376966,0.66501795492038,0.00568495251146596,-0.109814180073814,3.48703185057008,Replica
0.169905322200882,0.00559011590744863,1.22823174251387,5.96364460965199,0.64579583994698,0.00489509330408407,-0.114279237000293,3.76055324742935,Replica
0.0387661447316678,0.000676297677901448,5.45232425413163,82.2782144704596,0.659497695349112,0.00519544365966885,-0.1038755987631,3.5739574935293,Replica
0.115697914678982,0.00299483527053447,1.43797840976118,7.34539653379333,0.629622973767317,0.0053339256288723,-0.108960496742118,3.42331721857822,Replica
0.103103056205736,0.00359106901903945,2.18925300300366,12.7855855203557,0.637050122573606,0.00513972004436626,-0.102629094281571,3.51992085237109,Replica
0.0474795841153459,0.000805402710615433,3.50231504129634,37.5584954799601,0.651717592544387,0.00577059377241805,-0.0920474210717238,3.3658175973931,Replica
0.0381533193096363,0.000577588228931039,4.8446889061529,74.0616639237652,0.653177037669258,0.00570242947755714,-0.112665325377248,3.50876574825851,Replica
0.0468095555202799,0.00126286757076637,3.92267112975252,34.5669064577652,0.662264620922174,0.00562951713342919,-0.113762867978953,3.67816043610656,Replica
0.0949338792916006,0.00447129120324365,2.33481012317992,12.888301217942,0.660618303192018,0.00456642340477801,-0.106161241368584,3.5458816994957,Replica
0.0214510797859646,0.000720854868896172,5.39232656257095,67.5122405902461,0.654758673120812,0.00548420849944151,-0.108290773750116,3.57088039619692,Replica
0.0420689075413191,0.00164957210449995,3.60512802363709,25.6206567914425,0.654685692083523,0.00475520829881236,-0.116921285262683,3.79391249184748,Replica
0.058530930763996,0.00268016868602258,2.95895165709337,18.2892952827516,0.677983723428586,0.00511686921720534,-0.0897801082494704,3.45371275823657,Replica
0.00488595580651408,0.000154409506831873,16.1655265017023,532.75873476558,0.661338456465308,0.00507802708575592,-0.147145815751464,3.76040391050154,Replica
0.0142651587588591,0.00049457173572329,7.71551139611829,137.746043981083,0.645680064640746,0.00498236006142844,-0.110485299796052,3.62751462372344,Replica
0.0348705934801606,0.00115722588902709,4.03968837530503,34.6276564819679,0.650244252655587,0.00521150795624115,-0.105351615748097,3.53592640263872,Replica
0.0669060662149022,0.00270655382709444,2.66568526465183,15.9980781005427,0.627446025346781,0.00527979845219149,-0.0997620978361223,3.59233780774123,Replica
0.0551201824214843,0.00198491204577355,3.105643880008,22.4219734497656,0.647014803117138,0.00473554608373805,-0.119638074944834,3.76666817370658,Replica
0.0250941972590944,0.00131860146586518,4.14779133011025,32.7004656695159,0.662249929013077,0.00464189940332303,-0.1200209984304,3.84110548365821,Replica
0.0525731342897104,0.00256773711902239,3.31109506744181,22.9590083680782,0.662008623982574,0.00534052820953262,-0.134125766233414,3.82426897189836,Replica
0.031748191176802,0.00154624570511697,4.7006268675,41.5807097816508,0.661817577249718,0.00572953529519887,-0.100226195856088,3.454248441853,Replica
0.020408274875623,0.000978798508754843,6.50399765541539,77.9634638856828,0.659338807269934,0.00562738320965942,-0.0984477496942276,3.58056181284021,Replica
0.00770874346193802,0.000317346177479784,10.5593508060791,204.640931632849,0.655655480037074,0.00604943458155474,-0.106538386187911,3.46369312722431,Replica
0.01240708223778,0.000939522085500593,7.95701374233299,101.56073347876,0.627774581386199,0.00511468819531827,-0.106301756805851,3.51902976489887,Replica
0.043374676651829,0.00381122979713316,3.45556158726259,20.1485317377183,0.654901245457676,0.00525672491064437,-0.114457540430099,3.54492965227944,Replica
0.0269859910370989,0.00227972600396814,4.79473005601807,39.1796388581686,0.672995523810409,0.00527608554241459,-0.112277802500476,3.63529257192801,Replica
0.00820143255164069,0.00027105615406637,10.0400040210213,205.139129740891,0.663779176011552,0.00561222154106618,-0.112507740407281,3.56805118153392,Replica
0.0130748383170931,0.000866398198909451,8.59591050475864,126.675274702389,0.659404549893921,0.00566833034843478,-0.13252480543675,3.64008831233472,Replica
0.0178908840062904,0.000950322757492804,6.3779867675336,68.6988067134772,0.627948404804422,0.00475111593780608,-0.11329327806516,3.81795534305199,Replica
0.0135658400449837,0.000741151784929826,8.42553606522476,128.204717324834,0.658725196129779,0.00584315588465829,-0.11492885612874,3.61553614487835,Replica
0.0143380513386984,0.000714401806569269,8.68608604153439,136.587754473014,0.66202951211594,0.00576917740866856,-0.111823452108602,3.48570236969671,Replica
0.0137701884012367,0.000800124036830184,6.76627805180314,83.2259006841383,0.669253326288305,0.00583190752327842,-0.105993269671372,3.48900630339481,Replica
0.010403766700839,0.000560182420449872,8.2963358002846,124.747524207411,0.663347514024899,0.00598011180431451,-0.109138349348765,3.53182898832105,Replica
0.0150647093078388,0.000767935336491341,6.26224789269371,79.8458991894155,0.655238341639354,0.00561978306374404,-0.11617442767677,3.56784268609746,Replica
0.0128964268152525,0.000547786852225998,8.35986583529728,130.774157784117,0.66813519891808,0.00566849570167826,-0.114667703961924,3.59833824079675,Replica
0.0100493659625436,0.000194637089541149,7.48032833018794,140.580364073902,0.636546931700718,0.00421001517581204,-0.115902771326915,3.73784184964392,Replica
0.0261099708684471,0.0011166262737709,4.30128338928912,36.5354829027083,0.658735793069151,0.00475491949011309,-0.131996690890765,3.81338306256728,Replica
0.0226315885481256,0.00108829090745582,4.87750271136157,48.3770151524521,0.667400620558188,0.00563576648533764,-0.102807044161666,3.37544540675209,Replica
0.0488206359956714,0.00195273155757005,3.20288285841462,22.625343595194,0.657739545330475,0.00589972073280775,-0.110822238423983,3.58513461874859,Replica
0.0333102292082602,0.00186863922099973,4.36665917896209,36.1911757655662,0.679070366977326,0.00536783234179886,-0.107230598207464,3.4857272547337,Replica
0.0194206997134251,0.00112123952885672,5.6362439794794,56.0899867187519,0.659670463319852,0.00543575374597161,-0.116619393989166,3.52886799255707,Replica
0.0269753641416708,0.00183793056809948,5.83245886407721,59.5849275360374,0.661903215838606,0.00540649015103637,-0.0904582419730829,3.52209418571606,Replica
0.0242856701773548,0.00124241165340982,5.28950814096202,54.728428756986,0.664256949409083,0.0053566488404279,-0.131953325926052,3.71949338810675,Replica
0.0291547405712913,0.00170624709278752,4.84247246294527,45.1357701294936,0.674192140228064,0.00538452769641048,-0.10533681463225,3.61857537410046,Replica
0.023319736172,0.00115774347331359,6.90198582748078,84.5782422716697,0.662294033634916,0.00546086791155423,-0.109318823664666,3.51168009858166,Replica
0.0143518156380531,0.000486512014938613,5.70034081630542,68.7912422131529,0.657072875903549,0.00512697679689921,-0.117989843580954,3.73065254503282,Replica
0.0562989096424658,0.00303150858998727,3.27747186564279,20.5741555188519,0.664161015649587,0.00572217921594106,-0.11308927626365,3.49126005112124,Replica
0.036498826350375,0.00131966630067787,3.92074101043191,32.3989450933528,0.662917776099624,0.005391528490517,-0.104241919551277,3.45034925783391,Replica
0.0405884291020783,0.00145734020661929,3.50885936255354,27.0849750832558,0.669330374170072,0.00545822386355879,-0.10076864262468,3.46022652711183,Replica
0.0211378809216115,0.000350389404681319,5.97547031539512,83.0636049492959,0.629583947241678,0.0050380300308311,-0.106739809639151,3.58333186477921,Replica
0.0283011434685677,0.000730973090543524,4.20863428287564,38.0374510583397,0.655423969546979,0.00477057666051151,-0.098802409890666,3.74084368638628,Replica
0.0489463373522087,0.00143527816769138,3.41348927335161,26.1602018839015,0.645245984591108,0.00549010023170597,-0.100864003434672,3.54719895091209,Replica
0.0455352647807995,0.00119287257967452,2.95015112239918,23.881427803809,0.671201802677913,0.00535251394197171,-0.138448009253013,3.67379620802914,Replica
0.0606525281751707,0.00217646914724247,2.77572171781873,18.8216852246939,0.649954414316989,0.00549786377008579,-0.106169981996078,3.48523241235051,Replica
0.0259720170615329,0.000950651197563776,5.67755749684937,66.2813883216344,0.661061824512646,0.00463700740032081,-0.129320438047449,3.70337483614592,Replica
0.0599046495390945,0.00284856878666423,2.73575923747974,16.3550552844522,0.665332601689488,0.00537250877216598,-0.106402181897062,3.76559703867245,Replica
0.0846285099456602,0.00431423235860206,2.09906965613073,10.235586618805,0.661282910051571,0.00569745695321438,-0.114586868423402,3.49513821665307,Replica
0.0372686599195861,0.0014682898850759,3.82989661577655,29.5885289054947,0.65794462393247,0.00591243533617983,-0.106295476880991,3.51955669877746,Replica
0.0384299878985316,0.00245015517579415,4.63811926089426,40.6882929130763,0.66188086315221,0.00594400125904439,-0.126393551381351,3.64258922328137,Replica
0.0208411285523052,0.000659682148744239,4.7961500374141,56.4898434406018,0.654708118530082,0.00525653595778436,-0.106572681699237,3.5549235286519,Replica
0.0142223321451102,0.000471731355581622,11.0189633131311,207.668003365856,0.645389724914587,0.00584932159769495,-0.113309237777094,3.56250422783541,Replica
0.0173258583798681,0.000714655385207191,7.74960651216023,106.959416614077,0.667546143437621,0.0057113289029916,-0.104783632507899,3.44840047035163,Replica
0.0264484348563949,0.00173797585669559,5.601546144712,50.2621530307344,0.653107790333336,0.00490787417022203,-0.107118714464894,3.7585671352884,Replica
0.0216578434132586,0.000677239014314182,5.12029282109883,54.8035434606706,0.684997502379459,0.00535376943070261,-0.121067172916522,3.46539011205244,Replica
0.0449609011161077,0.00225553296266975,3.68659121682696,26.0419895033139,0.687972462549178,0.00572637499916613,-0.114078990831066,3.50682203959533,Replica
0.0296501032763833,0.00168418035623941,5.87646936978618,58.7304035834361,0.634638105720512,0.00498647215464686,-0.102342327433101,3.56969590484333,Replica
0.0404009795080659,0.00171543614895918,3.55196055403397,25.7227280929662,0.654245743823714,0.00580543590618232,-0.117542989989815,3.54891618338124,Replica
0.0398574556745879,0.0014356612873531,4.02367347413593,34.2899591576599,0.667521128152066,0.00474702786527303,-0.130430735003292,3.81753805530488,Replica
0.0298282439303209,0.00114980163476764,4.38564442727017,41.0579773720062,0.669134841320356,0.00515026780959886,-0.133154787615239,3.66176798872438,Replica
0.0251788685340338,0.000876233369852056,5.66013954500471,65.9057334395828,0.667653027412431,0.00556672152528756,-0.121842833161959,3.61202355253537,Replica
0.0173967875596333,0.000787593441791281,6.44268637465696,81.5225044095241,0.661155347348769,0.0052869636484903,-0.11835049469028,3.81592747092879,Replica
0.0692316730354245,0.00221747166014586,3.81612951330581,32.5191177507274,0.66168076865517,0.00480585116560115,-0.111553466993716,3.64339889391844,Replica
0.0836201902942942,0.00195564839206757,2.40409133913218,19.3091850020594,0.666159433855646,0.00509210447204421,-0.101244507522329,3.56992336057249,Replica
0.121171023487861,0.00410173757501864,1.65477554912875,8.26258000102664,0.640212371179065,0.00488393025773019,-0.119118189669041,3.64269479481072,Replica
0.0880319168773986,0.00329741656730552,2.26214051565904,12.9854577218341,0.662603362078405,0.00540489608861626,-0.117606696698259,3.47801267277822,Replica
0.0270167601276072,0.00106101085002879,5.7034081159284,65.9878684635984,0.66568707775253,0.00563551666969128,-0.108262323559883,3.40414684663591,Replica
0.090450689942417,0.00256821612503085,1.88965548409378,10.0020722411217,0.678017044252074,0.00488915715337028,-0.124629076584566,3.72450298394322,Replica
0.0504667714049903,0.00110083544155334,2.53100469114883,17.3843236104312,0.667899537579295,0.00442882948974341,-0.115865040023108,3.62600317151546,Replica
